371.726 0
372.141 0.000578824
372.555 0.00116143
372.97 0.00174781
373.385 0.00233797
373.799 0.00293192
374.214 0.00352964
374.628 0.00413116
375.043 0.00563624
375.458 0.00743611
375.872 0.00924733
376.287 0.0110699
376.702 0.0129039
377.116 0.0147492
377.531 0.0166059
377.946 0.020001
378.36 0.0248324
378.775 0.0296935
379.189 0.0345845
379.604 0.0395052
380.019 0.0444552
380.433 0.0494198
380.848 0.0539775
381.263 0.0559865
381.677 0.0580057
382.092 0.0610431
382.506 0.067822
382.921 0.074922
383.336 0.0782835
383.75 0.0807326
384.165 0.0838726
384.58 0.0870984
384.994 0.0903404
385.409 0.0935986
385.824 0.096873
386.238 0.100164
386.653 0.103471
387.067 0.119581
387.482 0.142047
387.897 0.16463
388.311 0.18733
388.726 0.210147
389.141 0.233082
389.555 0.256135
389.97 0.302206
390.385 0.378476
390.799 0.455138
391.214 0.532194
391.628 0.609643
392.043 0.687486
392.458 0.765723
392.872 0.870091
393.287 1.07913
393.702 1.28922
394.116 1.50038
394.531 1.71259
394.946 1.92587
395.36 2.14021
395.775 2.35561
396.189 2.72369
396.604 3.09939
397.019 3.47695
397.433 3.85637
397.848 4.23765
398.263 4.62078
398.677 5.00578
399.092 5.52217
399.506 6.08899
399.921 6.65856
400.336 7.21861
400.75 7.77641
401.165 8.33463
401.58 8.89325
401.994 9.74276
402.409 10.8864
402.824 12.0309
403.238 13.1762
403.653 14.3224
404.067 15.4694
404.482 16.6172
404.897 17.8972
405.311 19.5434
405.726 21.1907
406.141 22.8393
406.555 24.489
406.97 26.14
407.385 27.7922
407.799 29.4242
408.214 30.4516
408.628 31.4797
409.043 32.5085
409.458 33.5381
409.872 34.5685
410.287 35.5996
410.702 36.6314
411.116 37.0755
411.531 37.3761
411.945 37.6769
412.36 37.978
412.775 38.2792
413.189 38.5806
413.604 38.8823
414.019 39.0631
414.433 39.1537
414.848 39.2445
415.263 39.3353
415.677 39.4261
416.092 39.517
416.506 39.608
416.921 39.6796
417.336 39.6781
417.75 39.6766
418.165 39.6751
418.58 39.6736
418.994 39.6721
419.409 39.6706
419.824 39.6691
420.238 39.8872
420.653 40.1096
421.067 40.332
421.482 40.5546
421.897 40.7774
422.311 41.0003
422.726 41.2234
423.141 41.3825
423.555 41.5207
423.97 41.659
424.385 41.7973
424.799 41.9358
425.214 42.0744
425.628 42.213
426.043 42.2575
426.458 42.2178
426.872 42.1781
427.287 42.1383
427.702 42.0985
428.116 42.0587
428.531 42.0188
428.945 42.0595
429.36 42.2859
429.775 42.5124
430.189 42.7392
430.604 42.966
431.019 43.1931
431.433 43.4202
431.848 43.6291
432.263 43.6235
432.677 43.618
433.092 43.6124
433.506 43.6068
433.921 43.6012
434.336 43.5955
434.75 43.5899
435.165 43.566
435.58 43.5389
435.994 43.5119
436.409 43.4848
436.824 43.4576
437.238 43.4305
437.653 43.4033
438.067 43.3977
438.482 43.4141
438.897 43.4305
439.311 43.4469
439.726 43.4633
440.141 43.4797
440.555 43.4961
440.97 43.5541
441.385 43.7223
441.799 43.8906
442.214 44.0591
442.628 44.2276
443.043 44.3962
443.458 44.5649
443.872 44.7228
444.287 44.6871
444.702 44.6515
445.116 44.6158
445.531 44.58
445.945 44.5442
446.36 44.5084
446.775 44.4726
447.189 44.4072
447.604 44.3359
448.019 44.2645
448.433 44.1931
448.848 44.1216
449.263 44.05
449.677 43.9784
450.092 43.9622
450.506 43.966
450.921 43.9699
451.336 43.9738
451.75 43.9776
452.165 43.9815
452.58 43.9853
452.994 44.0163
453.409 44.0886
453.824 44.1608
454.238 44.233
454.653 44.3052
455.067 44.3774
455.482 44.4495
455.897 44.5148
456.311 44.4349
456.726 44.355
457.141 44.2752
457.555 44.1954
457.97 44.1156
458.385 44.0358
458.799 43.956
459.214 44.0348
459.628 44.1462
460.043 44.2576
460.458 44.369
460.872 44.4803
461.287 44.5915
461.702 44.7028
462.116 44.7908
462.531 44.8641
462.945 44.9374
463.36 45.0107
463.775 45.0839
464.189 45.1572
464.604 45.2304
465.019 45.181
465.433 44.9474
465.848 44.7138
466.263 44.4804
466.677 44.247
467.092 44.0137
467.506 43.7805
467.921 43.5637
468.336 43.6689
468.75 43.774
469.165 43.879
469.58 43.984
469.994 44.089
470.409 44.1939
470.824 44.2988
471.238 44.4281
471.653 44.5621
472.067 44.696
472.482 44.8299
472.897 44.9637
473.311 45.0975
473.726 45.2312
474.141 45.2931
474.555 45.312
474.97 45.3308
475.385 45.3497
475.799 45.3686
476.214 45.3874
476.628 45.4063
477.043 45.4009
477.458 45.3613
477.872 45.3217
478.287 45.2821
478.702 45.2425
479.116 45.203
479.531 45.1634
479.945 45.1263
480.36 45.1203
480.775 45.1144
481.189 45.1084
481.604 45.1025
482.019 45.0966
482.433 45.0906
482.848 45.0847
483.263 45.0611
483.677 45.0346
484.092 45.0082
484.506 44.9818
484.921 44.9554
485.336 44.929
485.75 44.9026
486.165 44.913
486.58 44.9429
486.994 44.9728
487.409 45.0027
487.824 45.0325
488.238 45.0623
488.653 45.0922
489.067 45.1419
489.482 45.2162
489.897 45.2904
490.311 45.3647
490.726 45.4389
491.141 45.513
491.555 45.5872
491.97 45.6504
492.384 45.6239
492.799 45.5974
493.214 45.8662
493.628 46.4118
494.043 46.9567
494.458 47.501
494.872 48.0446
495.287 48.6286
495.702 49.2174
496.116 49.8065
496.531 50.3961
496.945 50.986
497.36 51.5764
497.775 52.1671
498.189 52.7011
498.604 53.2096
499.019 53.6911
499.433 53.6269
499.848 53.5626
500.263 53.4956
500.677 53.4272
501.092 53.3395
501.506 53.218
501.921 53.0965
502.336 52.975
502.75 52.8537
503.165 52.7323
503.58 52.611
503.994 52.4807
504.409 52.3025
504.824 52.1243
505.238 51.9462
505.653 51.7683
506.067 51.5903
506.482 51.4125
506.897 51.2348
507.311 51.2588
507.726 51.291
508.141 51.3233
508.555 51.3555
508.97 51.3877
509.384 51.4198
509.799 51.452
510.214 51.5233
510.628 51.6181
511.043 51.7128
511.458 51.8074
511.872 51.902
512.287 51.9965
512.702 52.091
513.116 52.1356
513.531 52.1136
513.945 52.0915
514.36 52.0695
514.775 52.0474
515.189 52.0254
515.604 52.0034
516.019 51.9454
516.433 51.7675
516.848 51.5897
517.263 51.4119
517.677 51.2343
518.092 51.0567
518.506 50.8792
518.921 50.7018
519.336 50.2327
519.75 49.7309
520.165 49.2294
520.58 48.7282
520.994 48.2272
521.409 47.7265
521.824 47.226
522.238 46.8995
522.653 46.646
523.067 46.3927
523.482 46.1395
523.897 45.8864
524.311 45.6334
524.726 45.3806
525.141 45.3709
525.555 45.5943
525.97 45.8176
526.384 46.0409
526.799 46.2639
527.214 46.4869
527.628 46.7098
528.043 46.9272
528.458 47.1206
528.872 47.314
529.287 47.5073
529.702 47.7004
530.116 47.8935
530.531 48.0864
530.945 48.2793
531.36 48.0329
531.775 47.7829
532.189 47.533
532.604 47.2832
533.019 47.0335
533.433 46.7839
533.848 46.5345
534.263 45.5427
534.677 44.1765
535.092 42.8111
535.506 41.4463
535.921 40.0822
536.336 38.7188
536.75 37.3561
537.165 35.6256
537.58 33.4888
537.994 31.3532
538.409 29.2186
538.824 27.0851
539.238 24.9527
539.653 22.8213
540.067 20.8651
540.482 19.34
540.897 17.8157
541.311 16.2922
541.726 14.7694
542.141 13.2475
542.555 11.7262
542.97 10.2058
543.384 9.42439
543.799 8.66946
544.214 7.91492
544.628 7.16075
545.043 6.40485
545.458 5.63367
545.872 4.86768
546.287 4.42807
546.702 4.08233
547.116 3.73889
547.531 3.39776
547.945 3.05894
548.36 2.72242
548.775 2.38821
549.189 2.13845
549.604 1.98686
550.019 1.83657
550.433 1.6926
550.848 1.54872
551.263 1.40491
551.677 1.26118
552.092 1.13786
552.506 1.06772
552.921 0.997619
553.336 0.927555
553.75 0.857527
554.165 0.787536
554.58 0.717583
554.994 0.647667
555.409 0.610497
555.823 0.574812
556.238 0.539145
556.653 0.503497
557.067 0.467869
557.482 0.432259
557.897 0.396668
558.311 0.373715
558.726 0.354389
559.141 0.335074
559.555 0.315768
559.97 0.296473
560.384 0.277188
560.799 0.257913
561.214 0.242335
561.628 0.23109
562.043 0.219852
562.458 0.208619
562.872 0.197393
563.287 0.186172
563.702 0.174958
564.116 0.16484
564.531 0.157496
564.945 0.150157
565.36 0.142821
565.775 0.135489
566.189 0.128161
566.604 0.120838
567.019 0.113517
567.433 0.108759
567.848 0.104089
568.263 0.0994213
568.677 0.094756
569.092 0.0900931
569.506 0.0854328
569.921 0.080775
570.336 0.0769086
570.75 0.0732504
571.165 0.0695943
571.58 0.0659401
571.994 0.0622878
572.409 0.0586375
572.823 0.0549891
573.238 0.0522026
573.653 0.0503391
574.067 0.0484766
574.482 0.046615
574.897 0.0447545
575.311 0.0428949
575.726 0.0410364
576.141 0.0391891
576.555 0.0373661
576.97 0.035544
577.384 0.0337229
577.799 0.0319027
578.214 0.0300835
578.628 0.0282654