510.021 0.00717939
510.484 0.00717738
510.946 0.00717537
511.409 0.00717336
511.872 0.00717135
512.334 0.00716935
512.797 0.00716734
513.259 0.00777606
513.722 0.00888409
514.185 0.0099915
514.647 0.0110983
515.11 0.0122045
515.573 0.01331
516.035 0.0143066
516.498 0.0143026
516.96 0.0142985
517.423 0.0142945
517.886 0.0142905
518.348 0.0142865
518.811 0.0142825
519.274 0.0142785
519.736 0.0142745
520.199 0.0142705
520.662 0.0142664
521.124 0.0142624
521.587 0.0142584
522.049 0.0143391
522.512 0.0154401
522.975 0.0165405
523.437 0.0176402
523.9 0.0187394
524.363 0.0198379
524.825 0.0209358
525.288 0.0233819
525.75 0.0266229
526.213 0.0298622
526.676 0.0330995
527.138 0.0363351
527.601 0.0395688
528.064 0.042936
528.526 0.0484289
528.989 0.0539187
529.452 0.0594055
529.914 0.0648891
530.377 0.0703696
530.839 0.0758469
531.302 0.0845622
531.765 0.0953277
532.227 0.106087
532.69 0.11684
533.153 0.127588
533.615 0.138329
534.078 0.149618
534.54 0.172627
535.003 0.195624
535.466 0.218607
535.928 0.241578
536.391 0.264535
536.854 0.287479
537.316 0.319639
537.779 0.357893
538.242 0.396124
538.704 0.434334
539.167 0.472522
539.629 0.510688
540.092 0.552283
540.555 0.612243
541.017 0.672169
541.48 0.732061
541.943 0.791918
542.405 0.851742
542.868 0.911531
543.331 0.997242
543.793 1.10069
544.256 1.20407
544.718 1.3074
545.181 1.4087
545.644 1.50638
546.106 1.61846
546.569 1.81407
547.032 2.00813
547.494 2.20062
547.957 2.39154
548.419 2.5809
548.882 2.76871
549.345 3.07316
549.807 3.4571
550.27 3.84619
550.733 4.24034
551.195 4.63425
551.658 5.02793
552.121 5.46778
552.583 6.1697
553.046 6.8712
553.508 7.57228
553.971 8.27295
554.434 8.9732
554.896 9.67303
555.359 10.6187
555.822 11.7333
556.284 12.8472
556.747 13.9605
557.209 15.0731
557.672 16.185
558.135 17.3058
558.597 18.4776
559.06 19.6486
559.523 20.819
559.985 21.9886
560.448 23.1576
560.911 24.3259
561.373 25.3629
561.836 26.3113
562.298 27.259
562.761 28.2062
563.224 29.1529
563.686 30.0989
564.149 31.0162
564.612 31.7867
565.074 32.5568
565.537 33.3264
565.999 34.0956
566.462 34.8643
566.925 35.6325
567.387 36.356
567.85 37.0502
568.313 37.744
568.775 38.4374
569.238 39.1303
569.701 39.8228
570.163 40.493
570.626 41.0581
571.088 41.6229
571.551 42.1873
572.014 42.7513
572.476 43.315
572.939 43.8784
573.402 44.2904
573.864 44.6093
574.327 44.9281
574.789 45.2466
575.252 45.565
575.715 45.8831
576.177 46.1583
576.64 46.2496
577.103 46.3408
577.565 46.432
578.028 46.5231
578.491 46.6141
578.953 46.7051
579.416 46.7344
579.878 46.7286
580.341 46.7228
580.804 46.717
581.266 46.7112
581.729 46.7054
582.192 46.7027
582.654 46.7118
583.117 46.7209
583.579 46.73
584.042 46.7391
584.505 46.7482
584.967 46.7573
585.43 46.7666
585.893 46.7761
586.355 46.7856
586.818 46.7951
587.281 46.8045
587.743 46.814
588.206 46.8245
588.668 46.8384
589.131 46.8524
589.594 46.8664
590.056 46.8803
590.519 46.8943
590.982 46.9082
591.444 46.9049
591.907 46.8939
592.369 46.8828
592.832 46.8717
593.295 46.8606
593.757 46.8495
594.22 46.8368
594.683 46.8197
595.145 46.8025
595.608 46.7854
596.071 46.7682
596.533 46.7511
596.996 46.734
597.458 46.744
597.921 46.7648
598.384 46.7856
598.846 46.8063
599.309 46.8271
599.772 46.8478
600.234 46.8694
600.697 46.907
601.16 46.9445
601.622 46.982
602.085 47.0474
602.547 47.2372
603.01 47.4272
603.473 47.6203
603.935 47.8147
604.398 48.0093
604.861 48.204
605.323 48.399
605.786 48.5942
606.248 48.7788
606.711 48.9235
607.174 49.0681
607.636 49.2126
608.099 49.357
608.562 49.5014
609.024 49.6458
609.487 49.7445
609.95 49.8309
610.412 49.781
610.875 49.7145
611.337 49.648
611.8 49.5815
612.263 49.5029
612.725 49.3886
613.188 49.2745
613.651 49.1603
614.113 49.0463
614.576 48.9324
615.038 48.8185
615.501 48.6951
615.964 48.5681
616.426 48.4412
616.889 48.3143
617.352 48.1876
617.814 48.0609
618.277 47.9386
618.74 47.8265
619.202 47.7144
619.665 47.6024
620.127 47.4905
620.59 47.3787
621.053 47.2669
621.515 47.1647
621.978 47.0655
622.441 46.9664
622.903 46.8674
623.366 46.7684
623.828 46.6695
624.291 46.5817
624.754 46.5307
625.216 46.4798
625.679 46.4289
626.142 46.378
626.604 46.3272
627.067 46.2764
627.53 46.2606
627.992 46.2525
628.455 46.2444
628.917 46.2363
629.38 46.2282
629.843 46.22
630.305 46.2195
630.768 46.238
631.231 46.2565
631.693 46.2749
632.156 46.2933
632.618 46.3116
633.081 46.3299
633.544 46.3653
634.006 46.4062
634.469 46.447
634.932 46.4877
635.394 46.5284
635.857 46.569
636.32 46.6074
636.782 46.6417
637.245 46.6759
637.707 46.7102
638.17 46.7443
638.633 46.7784
639.095 46.8125
639.558 46.8157
640.021 46.8121
640.483 46.8085
640.946 46.8049
641.408 46.8012
641.871 46.7976
642.334 46.7736
642.796 46.701
643.259 46.6285
643.722 46.556
644.184 46.4836
644.647 46.4112
645.11 46.3389
645.572 46.2476
646.035 46.1507
646.497 46.0539
646.96 45.9571
647.423 45.8604
647.885 45.7638
648.348 45.6726
648.811 45.5906
649.273 45.5087
649.736 45.4269
650.198 45.3386
650.661 45.2418
651.124 45.1452
651.586 45.0774
652.049 45.015
652.512 44.9527
652.974 44.8903
653.437 44.8281
653.9 44.7659
654.362 44.7105
654.825 44.6693
655.287 44.6282
655.75 44.5871
656.213 44.546
656.675 44.5049
657.138 44.4638
657.601 44.4494
658.063 44.4416
658.526 44.4338
658.989 44.4259
659.451 44.418
659.914 44.4101
660.376 44.3979
660.839 44.3795
661.302 44.3611
661.764 44.3426
662.227 44.3241
662.69 44.3056
663.152 44.2871
663.615 44.2381
664.077 44.1851
664.54 44.1322
665.003 44.0793
665.465 44.0264
665.928 43.9735
666.391 43.9121
666.853 43.8358
667.316 43.7596
667.779 43.6834
668.241 43.6073
668.704 43.5313
669.166 43.4554
669.629 43.3571
670.092 43.255
670.554 43.1531
671.017 43.0512
671.48 42.9495
671.942 42.8478
672.405 42.7597
672.867 42.698
673.33 42.6364
673.793 42.5748
674.255 42.5132
674.718 42.4517
675.181 42.3903
675.643 42.3584
676.106 42.3329
676.569 42.3073
677.031 42.2817
677.494 42.2561
677.956 42.2306
678.419 42.2203
678.882 42.23
679.344 42.2397
679.807 42.2493
680.27 42.2588
680.732 42.2682
681.195 42.2776
681.657 42.271
682.12 42.2631
682.583 42.2552
683.045 42.2472
683.508 42.2391
683.971 42.2311
684.433 42.1791
684.896 42.0656
685.359 41.9522
685.821 41.8389
686.284 41.7257
686.746 41.6127
687.209 41.4998
687.672 41.1255
688.134 40.725
688.597 40.325
689.06 39.9257
689.522 39.527
689.985 39.1289
690.447 38.5372
690.91 37.6564
691.373 36.7771
691.835 35.8991
692.298 35.0226
692.761 34.1474
693.223 33.2737
693.686 32.0225
694.149 30.7287
694.611 29.437
695.074 28.1475
695.536 26.8601
695.999 25.5747
696.462 24.2972
696.924 23.0305
697.387 21.7659
697.85 20.5034
698.312 19.243
698.775 17.9846
699.237 16.7284
699.7 15.8051
700.163 14.9209
700.625 14.0316
701.088 13.1451
701.551 12.2614
702.013 11.3805
702.476 10.6398
702.939 10.1169
703.401 9.59569
703.864 9.07612
704.326 8.55819
704.789 8.0419
705.252 7.52725
705.714 7.24896
706.177 7.00078
706.64 6.75337
707.102 6.50674
707.565 6.26088
708.027 6.0158
708.49 5.84703
708.953 5.79708
709.415 5.74727
709.878 5.6976
710.341 5.68887
710.803 5.69406
711.266 5.69842
711.729 5.78925
712.191 5.89106
712.654 5.99358
713.116 6.09679
713.579 6.20068
714.042 6.30527
714.504 6.29721
714.967 6.11585
715.43 5.93105
715.892 5.7428
716.355 5.55115
716.818 5.35609
717.28 5.15766
717.743 4.73078
718.205 4.27319
718.668 3.80894
719.131 3.33807
719.593 2.86062
720.056 2.37429
720.519 1.98078
720.981 1.74911
721.444 1.51821
721.906 1.28808
722.369 1.05872
722.832 0.830122
723.294 0.602296
723.757 0.526923
724.22 0.465216
724.682 0.403717
725.145 0.342424
725.608 0.281338
726.07 0.220457
726.533 0.178226
726.995 0.160578
727.458 0.142988
727.921 0.125459
728.383 0.107988
728.846 0.0905769
729.309 0.0732248
729.771 0.0663795
730.234 0.0602148
730.696 0.054071
731.159 0.0479481
731.622 0.041846
732.084 0.0357647
732.547 0.0310656
733.01 0.0280177
733.472 0.0249802
733.935 0.0219531
734.398 0.0189364
734.86 0.0159301
735.323 0.0129341
735.785 0.0118586
736.248 0.0108516
736.711 0.00984805
737.173 0.00884798
737.636 0.00785135
738.099 0.00685817
738.561 0.00634016
739.024 0.00632903
739.486 0.00631791
739.949 0.0063068
740.412 0.0062957
740.874 0.0062846